['Pikachu', ['ELECTRIC'], [35, 55, 40, 50, 50, 90], [0, 0, 0, 0, 0, 0]]
['Ditto', ['NORMAL'], [48, 48, 48, 48, 48, 48], [252, 0, 0, 0, 0, 0], [0, 0, 0, 0, 0, 0]]
['Zacian', ['FAIRY', 'STEEL'], [92, 170, 115, 80, 115, 148], [220, 252, 0, 0, 0, 36]]
['Zapdos', ['ELECTRIC', 'FLYING'], [90, 90, 85, 125, 90, 100], [0, 0, 0, 252, 4, 252]]
['Eternatus', ['POISON', 'DRAGON'], [140, 85, 95, 145, 95, 130], [0, 0, 0, 252, 4, 252]]
['Kyogre', ['WATER'], [100, 100, 90, 150, 140, 90], [0, 0, 4, 252, 0, 252]]
['Grimmsnarl', ['DARK', 'FAIRY'], [95, 120, 65, 95, 75, 60], [252, 0, 204, 0, 48, 4]]
['Yveltal', ['DARK', 'FLYING'], [126, 131, 95, 131, 98, 99], [0, 0, 4, 252, 0, 252]]
['Landorus-Therian', ['GROUND', 'FLYING'], [89, 145, 90, 105, 80, 91], [4, 252, 0, 0, 0, 252]]
['Buzzwole', ['BUG', 'FIGHTING'], [107, 139, 139, 53, 53, 79], [0, 0, 0, 0, 0, 0]]
['Flygon', ['GROUND', 'DRAGON'], [80, 100, 80, 80, 80, 100], [0, 0, 0, 0, 0, 0]]
['Dragapult', ['DRAGON', 'GHOST'], [88, 120, 75, 100, 75, 142], [0, 0, 0, 252, 4, 252]]
['Gothitelle', ['PSYCHIC'], [70, 55, 95, 95, 110, 65], [0, 0, 0, 0, 0, 0]]
['Shedinja', ['BUG', 'GHOST', 'KRASS'], [1, 90, 45, 30, 30, 40], [0, 252, 0, 0, 0, 252]]
['Regieleki', ['ELECTRIC'], [80, 100, 50, 100, 50, 200],[0, 0, 0, 0, 0, 0]]
['Rillaboom', ['GRASS'], [100, 125, 90, 60, 70, 85], [0, 0, 0, 0, 0, 0]]
['Calyrex-Ice', ['PSYCHIC', 'ICE'], [100, 165, 150, 85, 130, 50], [0, 0, 0, 0, 0, 0]]
['Dragonite', ['DRAGON', 'FLYING'], [91, 134, 95, 100, 100, 80], [0, 0, 0, 0, 0, 0]]
['Darmanitan', ['FIRE'], [105, 140, 55, 30, 55, 95], [0, 0, 0, 0, 0, 0]]
['Galvantula', ['BUG', 'ELECTRIC'], [70, 77, 60, 97, 60, 108], [0, 0, 0, 0, 0, 0]]
['Necrozma-Dusk Mane', ['PSYCHIC', 'STEEL'], [97, 157, 127, 113, 109, 77], [252, 0, 140, 0, 0, 116]]
['Urshifu', ['FIGHTING', 'DARK'], [100, 130, 100, 63, 60, 97], [0, 252, 0, 0, 4, 252]]
['Pheromosa', ['BUG', 'FIGHTING'], [71, 137, 37, 137, 37, 151], [4, 252, 0, 0, 0, 252]]
['Thundurus', ['ELECTRIC', 'FLYING'], [79, 115, 70, 125, 80, 111], [0, 0, 0, 0, 0, 0]]
['Porygon2', ['NORMAL'], [85, 80, 90, 105, 95, 60], [244, 0, 252, 0, 12, 0]]
['Reshiram', ['DRAGON', 'FIRE'], [100, 120, 100, 150, 120, 90], [0, 0, 0, 0, 0, 0]]
['Necrozma-Dawn Wings', ['PSYCHIC', 'GHOST'], [97, 113, 109, 157, 127, 77], [0, 0, 0, 0, 0, 0]]
['Quagsire', ['WATER', 'GROUND'], [95, 85, 85, 65, 65, 35], [252, 0, 252, 0, 4, 0]]
['Charizard', ['FIRE', 'FLYING'], [78, 84, 78, 109, 85, 100], [0, 0, 0, 0, 0, 0]]
['Calyrex-Shadow', ['PSYCHIC', 'GHOST'], [100, 85, 80, 165, 100, 150], [0, 0, 4, 252, 0, 252]]
['Cinderace', ['FIRE'], [80, 116, 75, 65, 75, 119], [0, 252, 0, 0, 4, 252]]
['Tyranitar', ['ROCK', 'DARK'], [100, 134, 110, 95, 100, 61], [0, 0, 0, 0, 0, 0]]
['Xerneas', ['FAIRY'], [126, 131, 95, 131, 98, 99], [252, 0, 196, 0, 0, 60]]
['Appletun', ['GRASS', 'DRAGON'], [110, 85, 80, 100, 80, 30], [0, 0, 0, 0, 0, 0]]
['Haxorus', ['DRAGON'], [76, 147, 90, 60, 70, 97], [0, 0, 0, 0, 0, 0]]
['Bulbasaur', ['GRASS', 'POISON'], [45, 49, 49, 65, 65, 45], [0, 0, 0, 0, 0, 0]]
['Ivysaur', ['GRASS', 'POISON'], [60, 62, 63, 80, 80, 60], [0, 0, 0, 0, 0, 0]]
['Venusaur', ['GRASS', 'POISON'], [80, 82, 83, 100, 100, 80], [0, 0, 0, 0, 0, 0]]
['Charmander', ['FIRE'], [39, 52, 43, 60, 50, 65], [0, 0, 0, 0, 0, 0]]
['Zekrom', ['DRAGON', 'ELECTRIC'], [100, 150, 120, 120, 100, 90], [0, 0, 0, 0, 0, 0]]
['Latios', ['DRAGON', 'PSYCHIC'], [80, 90, 80, 130, 110, 110], [0, 0, 0, 0, 0, 0]]
['Ho-Oh', ['FIRE', 'FLYING'], [106, 130, 90, 110, 154, 90], [252, 0, 12, 12, 4, 228]]
['Dracozolt', ['ELECTRIC', 'DRAGON'], [90, 100, 90, 80, 70, 75], [0, 0, 0, 0, 0, 0]]
['Chansey', ['NORMAL'], [250, 5, 5, 35, 105, 50], [252, 0, 252, 0, 4, 0]]
['Seismitoad', ['WATER', 'GROUND'], [105, 85, 75, 85, 75, 74], [4, 252, 0, 0, 0, 252]]
['Gastrodon', ['WATER', 'GROUND'], [111, 83, 68, 92, 82, 39], [244, 0, 108, 0, 156, 0]]
['Hippowdon', ['GROUND'], [108, 112, 118, 68, 72, 47], [252, 0, 252, 0, 4, 0]]
['Mimikyu', ['GHOST', 'FAIRY'], [55, 90, 80, 50, 105, 96], [4, 252, 0, 0, 0, 252]]
['Celesteela', ['STEEL', 'FLYING'], [97, 101, 103, 107, 101, 61], [4, 0, 0, 252, 0, 252]]
['Ferrothorn', ['GRASS', 'STEEL'], [74, 94, 131, 54, 116, 20], [252, 0, 252, 0, 4, 0]]
['Dialga', ['STEEL', 'DRAGON'], [100, 120, 120, 150, 100, 90], [60, 0, 0, 236, 0, 212]]
['Umbreon', ['DARK'], [95, 65, 110, 60, 130, 65], [252, 0, 4, 0, 252, 0]]
['Tapu Fini', ['WATER', 'FAIRY'], [70, 75, 115, 95, 130, 85], [4, 0, 0, 252, 0, 252]]
['Mamoswine', ['ICE', 'GROUND'], [110, 130, 80, 70, 60, 80], [0, 252, 4, 0, 0, 252]]
['Zygarde', ['DRAGON', 'GROUND'], [108, 100, 121, 81, 95, 95], [236, 0, 0, 0, 132, 140]]
['Dracovish', ['WATER', 'DRAGON'], [90, 90, 100, 70, 80, 75], [0, 252, 4, 0, 0, 252]]
